FluorCam7 Numeric Avg Export File
-----------------------------------
	Area 1	Area 2	Area 3	Area 4	Area 5	Area 6	Area 7	Area 8	Area 9	Area 10	Area 11	Area 12	Area 13	Area 14	Area 15	Area 16	Area 17	Area 18	Area 19	Area 20	Area 21	Area 22	Area 23	Area 24
Size [pixels]	4439	5197	4939	3418	4649	4395	5017	5606	5374	3510	3263	2494	3151	2446	3192	2805	3155	1475	4663	2795	5245	4840	4615	4937
Fo	1798.03	2175.77	2193.59	1948.61	1837.03	1529.47	1779.56	2291.50	2615.61	2005.23	1648.11	1448.74	1649.38	1917.08	2290.94	1799.37	1863.75	1595.14	1883.07	2048.96	2097.02	2246.59	2018.42	1667.68
Fm	5382.37	6519.33	6768.28	5506.56	5321.01	4454.25	5495.12	7193.13	8168.99	6251.58	4999.00	4351.89	4749.92	5614.61	6976.27	5152.47	5543.49	4683.17	5691.03	6231.67	6307.08	6689.54	6263.01	4857.62
Fv	3584.33	4343.57	4574.69	3557.95	3483.99	2924.79	3715.56	4901.63	5553.38	4246.34	3350.90	2903.15	3100.54	3697.54	4685.33	3353.10	3679.75	3088.03	3807.96	4182.70	4210.06	4442.95	4244.60	3189.94
Fm_Lss1	5336.64	6480.95	6703.66	5462.02	5316.34	4439.57	5448.81	7205.00	8110.74	6239.70	4948.63	4277.63	4685.94	5569.95	6899.94	5140.16	5500.99	4670.46	5704.06	6190.12	6291.44	6653.73	6240.48	4812.47
Ft_Lss1	1926.15	2323.40	2356.77	2073.78	1960.03	1622.84	1973.25	2496.01	2843.84	2192.14	1841.08	1566.16	1750.52	2056.92	2456.65	1909.81	1980.99	1664.33	2024.01	2199.59	2266.82	2425.96	2156.29	1767.21
Fo_Lss1	1792.90	2171.47	2186.76	1943.00	1836.47	1527.73	1774.67	2292.70	2609.61	2004.01	1642.60	1440.42	1641.60	1911.84	2282.65	1797.86	1858.92	1593.66	1884.49	2044.45	2095.29	2242.54	2016.07	1662.32
Fv_Lss1	3543.74	4309.48	4516.90	3519.01	3479.87	2911.84	3674.13	4912.30	5501.13	4235.69	3306.03	2837.21	3044.34	3658.11	4617.29	3342.30	3642.07	3076.80	3819.57	4145.66	4196.15	4411.19	4224.41	3150.15
Fq_Lss1	3410.49	4157.55	4346.89	3388.24	3356.30	2816.73	3475.56	4709.00	5266.90	4047.56	3107.55	2711.47	2935.43	3513.03	4443.29	3230.35	3520.01	3006.13	3680.05	3990.53	4024.62	4227.77	4084.20	3045.26
QY_max	0.67	0.67	0.68	0.65	0.65	0.66	0.68	0.68	0.68	0.68	0.67	0.67	0.65	0.66	0.67	0.65	0.66	0.66	0.67	0.67	0.67	0.66	0.68	0.66
Fv/Fm_Lss1	0.66	0.66	0.67	0.64	0.65	0.66	0.67	0.68	0.68	0.68	0.67	0.66	0.65	0.66	0.67	0.65	0.66	0.66	0.67	0.67	0.67	0.66	0.68	0.65
QY_Lss1	0.64	0.64	0.65	0.62	0.63	0.63	0.64	0.65	0.65	0.65	0.63	0.63	0.63	0.63	0.64	0.63	0.64	0.64	0.65	0.64	0.64	0.64	0.65	0.63
NPQ_Lss1	0.01	0.01	0.01	0.01	0.00	0.00	0.01	-0.00	0.01	0.00	0.01	0.02	0.01	0.01	0.01	0.00	0.01	0.00	-0.00	0.01	0.00	0.01	0.00	0.01
qN_Lss1	0.01	0.01	0.01	0.01	0.00	0.01	0.01	-0.00	0.01	0.00	0.02	0.03	0.02	0.01	0.02	0.00	0.01	0.00	-0.00	0.01	0.00	0.01	0.01	0.01
qP_Lss1	0.96	0.96	0.96	0.96	0.96	0.97	0.95	0.96	0.96	0.96	0.94	0.96	0.96	0.96	0.96	0.97	0.97	0.98	0.96	0.96	0.96	0.96	0.97	0.97
qL_Lss1	1.03	1.03	1.04	1.03	1.03	1.03	1.05	1.04	1.04	1.05	1.05	1.04	1.03	1.03	1.04	1.03	1.03	1.02	1.03	1.04	1.04	1.04	1.03	1.03
PAR1	10.90	10.90	10.90	10.90	10.90	10.90	10.90	10.90	10.90	10.90	10.90	10.90	10.90	10.90	10.90	10.90	10.90	10.90	10.90	10.90	10.90	10.90	10.90	10.90
ETR1	2.7871	2.7977	2.8280	2.7054	2.7533	2.7670	2.7818	2.8504	2.8320	2.8290	2.7387	2.7644	2.7320	2.7507	2.8084	2.7408	2.7907	2.8071	2.8137	2.8115	2.7899	2.7711	2.8543	2.7597
